Ne normalizovane koordinate:

 kutija za sibice:

 -158.721,  -54.2991,  -0.208843,        1
 -139.249,  -106.359,  -0.213572,        1
 -149.422,  -109.086,  -0.198699,        1
 -147.553,  -69.2061,  -0.163222,        1
 -148.147,  -47.9364,  -0.228269,        1
 -154.815,  -23.9214,  -0.168461,        1
 -146.348,  -16.7203,  -0.179788,        1
 -139.175,  -65.6899,  -0.173152,        1
 
 velika kutija:

 -158.537,  -162.443,  -0.229764,        1
 -102.279,  -201.157,  -0.261582,        1
 -146.075,  -219.218,  -0.212010,        1
 -152.784,  -104.347,  -0.133436,        1
 -108.705,  -129.397,  -0.291434,        1
 -160.581,  -64.2600,  -0.137602,        1
 -133.396,  -37.0319,  -0.157663,        1
 -127.077,  -83.2884,  -0.151550,        1


Normalizovane koordinate:

 kutija za sibice:

 303.680,  184.434,  0.394024,        1
 299.351,  182.384,  0.388674,        1
 303.731,  185.033,  0.394110,        1
 308.605,  187.575,  0.400047,        1
 298.888,  181.557,  0.388080,        1
 308.822,  187.136,  0.400291,        1
 304.111,  184.309,  0.394447,        1
 304.099,  184.868,  0.394457,        1

 velika kutija:

 302.670,  184.764,  0.392889,        1
 289.635,  177.258,  0.376685,        1
 302.935,  185.557,  0.393234,        1
 319.619,  194.699,  0.413691,        1
 288.576,  176.032,  0.375351,        1
 320.216,  194.395,  0.414405,        1
 304.484,  184.772,  0.394851,        1
 304.616,  185.471,  0.395040,        1
